9.015752034918648183e-01
9.027730751631936057e-01
8.997066141908651726e-01
9.008172533146292515e-01
8.974807418744366050e-01
8.971921695962529197e-01
8.977835981755805106e-01
8.991559156451721657e-01
8.984488616366578251e-01
9.035465601096194233e-01
8.994535035369911613e-01
9.001404498058021009e-01
9.020038274493265007e-01
8.971131961578420189e-01
9.041662222943278593e-01
8.980322014958849186e-01
8.998424871226036181e-01
9.015137458613798893e-01
9.003849674584836205e-01
8.998382335708973168e-01
9.005013291859599311e-01
9.022864648679910227e-01
9.053894154645502068e-01
8.993146480464777603e-01
9.034211104057380259e-01
9.026480159923853108e-01
8.967733231793464377e-01
9.048243784067439011e-01
9.058857053920255087e-01
8.986465386382421761e-01
9.017539866159027806e-01
8.999408483041578810e-01
9.069031558655883396e-01
9.065204301705426237e-01
9.059875695206947022e-01
9.084480104440901815e-01
9.062188880183646988e-01
8.996226020152168212e-01
9.032111900003790828e-01
9.070032986566887168e-01
9.062447838690548263e-01
9.083183003695530777e-01
9.054634745959163622e-01
9.041784837585270518e-01
9.042304152051082733e-01
9.078864387707112904e-01
9.054430186590907148e-01
9.037634676863860461e-01
9.070024997399246391e-01
8.887692308124294227e-01
9.086809620815432531e-01
9.096479865943893905e-01
9.055700250477992652e-01
9.098970199571040363e-01
9.074665334875847700e-01
9.077104609532679058e-01
9.089574935371634856e-01
9.109638951021300501e-01
9.089533733913595093e-01
9.136148381780770933e-01
9.116188400031265404e-01
9.120197279188646533e-01
9.083366750844636961e-01
9.058502895002624733e-01
9.088093000164236823e-01
9.094637423801770204e-01
9.102905718471945296e-01
9.138801665777211980e-01
9.121878007200393546e-01
9.122923298010061632e-01
9.084657798954779429e-01
9.101387218964587245e-01
9.139919253117416709e-01
9.111505239222759123e-01
9.122370604557267226e-01
9.130116765522960920e-01
9.092541124454969204e-01
9.144787225759332117e-01
9.118026450404692618e-01
9.131246749596489964e-01
9.112603372515084565e-01
9.120292736402979550e-01
9.167589752476381637e-01
9.159839767329429616e-01
9.150510095739595728e-01
9.192854991211547588e-01
9.129104444221909365e-01
9.126084080642015151e-01
9.156162425064522381e-01
9.175391892265376548e-01
9.121207102709918413e-01
9.142802770084487163e-01
9.143616052768306357e-01
9.196789473190426500e-01
9.138614461237261066e-01
9.150924979896654099e-01
9.156878115160137499e-01
9.128274744269719854e-01
9.166152168786837473e-01
9.161126990403331005e-01
9.154339154413521085e-01
9.119849489378724083e-01
9.186079326994381899e-01
9.144510119906992252e-01
9.124956111198723185e-01
9.186139188705789715e-01
9.175309041578160185e-01
9.173941767041768891e-01
9.166735514486437086e-01
9.198326699772386705e-01
9.216307178498329700e-01
9.190779952587639912e-01
9.197751881094352600e-01
9.198488331171958965e-01
9.204799229897648871e-01
9.226120229522692950e-01
9.164894376459563619e-01
9.195238059748547244e-01
9.188806750788750533e-01
9.212716588083146307e-01
9.206079710294542418e-01
9.206140311247213992e-01
9.200645382866733391e-01
9.203842968581913420e-01
9.030541019778846046e-01
9.190218432446166652e-01
9.191950127256128811e-01
9.221242912316208740e-01
9.216851166865505096e-01
9.206947651098124075e-01
9.249244419684905516e-01
9.208690707249391760e-01
9.231376194369204091e-01
9.252388918453158251e-01
9.211685842301720051e-01
9.248850178261841526e-01
9.223890878043633501e-01
9.226076062632063701e-01
9.252111931718507432e-01
9.252013212242530260e-01
9.221071502314083235e-01
9.237955999768905357e-01
9.238769112380880166e-01
9.241070539695248609e-01
9.273104708707814448e-01
9.266889897067757120e-01
9.252169726136587613e-01
9.248573763965168837e-01
9.249244910964196098e-01
9.265136764954724491e-01
9.264395949792963991e-01
9.268703017515789178e-01
9.263931970107157632e-01
9.256952995231718662e-01
9.232715616772597667e-01
9.291948728571175486e-01
9.301600207442581869e-01
9.292628887421374717e-01
9.268072856780343871e-01
9.285064392835505886e-01
9.276853355006526858e-01
9.290225711528763419e-01
9.292605193793797014e-01
9.300931138262058528e-01
9.287908636017574437e-01
9.271110027303970380e-01
9.302761209093546313e-01
9.290989618756890778e-01
9.288809300991729412e-01
9.287811425016507805e-01
9.316530506881629536e-01
9.315171393488989038e-01
9.299358978810874365e-01
9.310854593402048129e-01
9.302878620339471993e-01
9.302101840357792639e-01
9.316620944609200761e-01
9.317569200671026453e-01
9.336058816643297842e-01
9.336306526632063285e-01
9.305256521939138104e-01
9.321213389440348163e-01
9.320063429531114663e-01
9.351558767652280446e-01
9.342351709407658022e-01
9.342828511113231427e-01
9.339736877251961777e-01
9.340019569597379778e-01
9.355508599480052423e-01
9.340937038008254589e-01
9.337093419202323608e-01
9.341465363368761654e-01
9.344131166437773528e-01
9.345937464222557889e-01
9.353490233211901872e-01
9.367722213751717986e-01
9.357673160866256667e-01
9.322632921613460688e-01
9.362802369286220561e-01
9.363091425604940232e-01
9.377361067219394108e-01
9.369753209295168528e-01
9.388474082900970519e-01
9.379518230467427387e-01
9.381521510087733606e-01
9.380725162090105540e-01
9.368621465441623331e-01
9.402837012859098786e-01
9.402254262991741607e-01
9.386927240019161678e-01
9.372444501875795142e-01
9.405663363294761714e-01
9.393781672711133401e-01
9.403192680841979678e-01
9.402350477311153254e-01
9.402532307863932237e-01
9.426708114177214659e-01
9.385431280268786702e-01
9.415401862085995832e-01
9.391618379658737137e-01
9.413821708674170452e-01
9.412806110873228604e-01
9.425300279805205461e-01
9.428685826319321839e-01
9.442894812600833854e-01
9.419039611933893719e-01
9.410671007452867665e-01
9.432880970467413251e-01
9.431750686827846675e-01
9.445658428580054888e-01
9.430361445984644098e-01
9.443231528228199778e-01
9.440043462119771522e-01
9.449309817184738947e-01
9.422537910955779417e-01
9.449138711911907462e-01
9.460234921537572506e-01
9.443019764215462297e-01
9.450527466366781537e-01
9.460906341412855802e-01
9.450692432515923613e-01
9.468579389255221690e-01
9.468312284562165893e-01
9.473076591445626082e-01
9.476733569926610867e-01
9.478998210911634414e-01
9.475599146129735084e-01
9.489952992321663006e-01
9.493182801726846032e-01
9.489194253904178478e-01
9.489263597818590190e-01
9.486537615979919735e-01
9.510130215841103851e-01
9.498413447596096848e-01
9.504875678880758683e-01
9.502601282364575574e-01
9.499976979389160858e-01
9.501455942945243871e-01
9.512335269837721707e-01
9.514842023330338794e-01
9.503625556393959783e-01
9.517111476869999365e-01
9.513589246136672228e-01
9.520689625765438313e-01
9.528051391217385868e-01
9.529142145452377255e-01
9.528862763521165347e-01
9.524789973103777729e-01
9.534791246302054546e-01
9.543302368780749445e-01
9.538155866700560592e-01
9.542496790747766466e-01
9.546841890404892395e-01
9.546430751777674750e-01
9.548291328640939879e-01
9.556560065001288296e-01
9.553773290208451563e-01
9.560881182374014742e-01
9.559842281310891865e-01
9.560647637588168823e-01
9.569425864274972993e-01
9.572746969152202690e-01
9.577333262823066740e-01
9.579438719317255879e-01
9.578054932113151398e-01
9.578049607745476868e-01
9.592126742060649303e-01
9.580071218249264220e-01
9.588527061288909525e-01
9.589381901504352435e-01
9.596323284418730726e-01
9.597660078787250137e-01
9.596839426499378378e-01
9.602122287369698750e-01
9.606522379665971556e-01
9.612057217620249006e-01
9.613517387886570953e-01
9.614967615875206208e-01
9.618395657572549329e-01
9.621731146608607510e-01
9.624172204670582431e-01
